RADIX  1111 1111 1 
VNAME  a[3:0] b[3:0] cin
IO     iiii iiii i
tunit  ns
slope 0.02
tdelay 0.0
vih    0.8
vil    0

0	0001 1111 0
2	0000 1000 1
4	0001 1111 0
6	0000 1001 1
8	0001 1111 1
10	0000 1010 0
12	0001 1111 1
14	0000 1011 0
16	0001 1111 1
18	0000 1100 0
20	0001 1111 1
22	0000 1101 1
24	0001 1111 1
26	0000 1110 1
28	0001 1111 1
30	0000 1111 0 
32	0001 1111 0
34	0010 1000 0
36	0001 1111 1
38	0010 1001 0 
40	0001 1111 1
42	0010 1100 1
44	0001 1111 0
46	0010 1101 1
48	0001 1111 1
50	0100 1000 0
52	0001 1111 1
54	0100 1001 0
56	0001 1111 1
58	0100 1010 0
60	0001 1111 0
62	0100 1011 0
64	0001 1111 1
66	0110 1000 1
68	0001 1111 1
70	0110 1001 1
72	0001 1111 1
74	1000 0000 0
76	0001 1111 0
78	1000 0001 1
80	0001 1111 1
82	1000 0010 1
84	0001 1111 0
86	1000 0011 0
88	0001 1111 1
90	1000 0100 1
92	0001 1111 0
94	1000 0101 1
96	0001 1111 0
98	1000 0110 1
100	0001 1111 0